Training Results:

# CNN:

- OLD REAL DATASET:
Training Number of Steps: 600
Validation Number of Steps: 100
Test Number of Steps: 100

[[98  2  0  0  0  0]
 [ 0 93  5  0  0  2]
 [ 0  4 93  3  0  0]
 [ 0  0  4 96  0  0]
 [ 1  0  0  0 99  0]
 [ 0  2  0  0  0 98]]
Mean: 0.9616666666666666 Variance: 0.024094720491334903
              precision    recall  f1-score   support

     blanket  0.9898989899 0.9800000000 0.9849246231       100
       grass  0.9207920792 0.9300000000 0.9253731343       100
      rubber  0.9117647059 0.9300000000 0.9207920792       100
      carpet  0.9696969697 0.9600000000 0.9648241206       100
         mdf  1.0000000000 0.9900000000 0.9949748744       100
        tile  0.9800000000 0.9800000000 0.9800000000       100

   micro avg  0.9616666667 0.9616666667 0.9616666667       600
   macro avg  0.9620254574 0.9616666667 0.9618148053       600
weighted avg  0.9620254574 0.9616666667 0.9618148053       600

- OLD + NEW DATASET:
Training Number of Steps: 600
Validation Number of Steps: 200
Test Number of Steps: 200

[[190  10   0   0   0   0]
 [  9 161  17   4   2   7]
 [  1  13 172  13   1   0]
 [  0   1   8 184   6   1]
 [  3   1   1   3 186   6]
 [  1   5   1   2   3 188]]
Mean: 0.9008333333333333 Variance: 0.0516733866597583
              precision    recall       f1-score           support

     blanket  0.9313725490 0.9500000000 0.9405940594       200
       grass  0.8429319372 0.8050000000 0.8235294118       200
      rubber  0.8643216080 0.8600000000 0.8621553885       200
      carpet  0.8932038835 0.9200000000 0.9064039409       200
         mdf  0.9393939394 0.9300000000 0.9346733668       200
        tile  0.9306930693 0.9400000000 0.9353233831       200

   micro avg  0.9008333333 0.9008333333 0.9008333333      1200
   macro avg  0.9003194977 0.9008333333 0.9004465917      1200
weighted avg  0.9003194977 0.9008333333 0.9004465917      1200


- SIMULATION DATASET:

Training Number of Steps: 600
Validation Number of Steps: 200
Test Number of Steps: 200

[[195   1   0   4   0   0]
 [  1 199   0   0   0   0]
 [  2   0 194   0   0   4]
 [ 12   1   0 186   1   0]
 [  0   0   0   0 200   0]
 [  0   3   3   0   0 194]]
Mean: 0.9733333333333333 Variance: 0.022669117514559058
              precision    recall       f1-score           support

          T1  0.9285714286 0.9750000000 0.9512195122       200
          T2  0.9754901961 0.9950000000 0.9851485149       200
          T3  0.9847715736 0.9700000000 0.9773299748       200
          T4  0.9789473684 0.9300000000 0.9538461538       200
          T5  0.9950248756 1.0000000000 0.9975062344       200
          T6  0.9797979798 0.9700000000 0.9748743719       200

   micro avg  0.9733333333 0.9733333333 0.9733333333      1200
   macro avg  0.9737672370 0.9733333333 0.9733207937      1200
weighted avg  0.9737672370 0.9733333333 0.9733207937      1200


# SVM RBF 
-OLD + NEW DATASET
Training Number of Steps: 600
Test Number of Steps: 400

PCA (90%):
[[216  40   5  28  15  96]
 [ 17 162  67  55  18  81]
 [  0  34 181 136   8  41]
 [  0   3  40 316   2  39]
 [  2   8   4  14 248 124]
 [  1  18   2   3   5 371]]
Mean: 0.6225 Variance: 0.18443607745413224
              precision    recall  f1-score   support

     blanket  0.9152542373 0.5400000000 0.6792452830       400
       grass  0.6113207547 0.4050000000 0.4872180451       400
      rubber  0.6053511706 0.4525000000 0.5178826896       400
      carpet  0.5724637681 0.7900000000 0.6638655462       400
         mdf  0.8378378378 0.6200000000 0.7126436782       400
        tile  0.4933510638 0.9275000000 0.6440972222       400

   micro avg  0.6225000000 0.6225000000 0.6225000000      2400
   macro avg  0.6725964721 0.6225000000 0.6174920774      2400
weighted avg  0.6725964721 0.6225000000 0.6174920774      2400

PCA (95%):
[[258  44   7  44   4  43]
 [ 12 214  53  55  15  51]
 [  0  28 230 109  10  23]
 [  0   1  26 358   1  14]
 [  0  11   7  19 287  76]
 [  0   3   3   3   6 385]]
Mean: 0.7216666666666668 Variance: 0.1582697240648241
              precision    recall  f1-score   support

     blanket  0.9555555556 0.6450000000 0.7701492537       400
       grass  0.7109634551 0.5350000000 0.6105563481       400
      rubber  0.7055214724 0.5750000000 0.6336088154       400
      carpet  0.6088435374 0.8950000000 0.7246963563       400
         mdf  0.8885448916 0.7175000000 0.7939142462       400
        tile  0.6503378378 0.9625000000 0.7762096774       400

   micro avg  0.7216666667 0.7216666667 0.7216666667      2400
   macro avg  0.7532944583 0.7216666667 0.7181891162      2400
weighted avg  0.7532944583 0.7216666667 0.7181891162      2400

PCA (100%):
[[375  16   4   1   4   0]
 [ 19 315  52   5   4   5]
 [  1  33 344  20   1   1]
 [  1   1  18 374   4   2]
 [  2   4   5   6 382   1]
 [  0   7   2   1   8 382]]
Mean: 0.9049999999999999 Variance: 0.06162723964828108
              precision    recall  f1-score   support

     blanket  0.9422110553 0.9375000000 0.9398496241       400
       grass  0.8377659574 0.7875000000 0.8118556701       400
      rubber  0.8094117647 0.8600000000 0.8339393939       400
      carpet  0.9189189189 0.9350000000 0.9268897150       400
         mdf  0.9478908189 0.9550000000 0.9514321295       400
        tile  0.9769820972 0.9550000000 0.9658659924       400

   micro avg  0.9050000000 0.9050000000 0.9050000000      2400
   macro avg  0.9055301021 0.9050000000 0.9049720875      2400
weighted avg  0.9055301021 0.9050000000 0.9049720875      2400


